Tree height: 11

Preorder Traverse:
96, 63, 58, 7, 1, 4, 17, 15, 10, 13, 23, 21, 20, 22, 36, 32, 26, 25, 47, 37, 41, 42, 51, 60, 59, 90, 82, 79, 78, 71, 67, 73, 72, 87, 84, 94, 95, 162, 127, 123, 99, 108, 104, 107, 105, 119, 126, 124, 136, 134, 151, 139, 138, 145, 144, 142, 140, 143, 150, 148, 154, 152, 153, 161, 159, 155, 175, 170, 167, 189, 184, 180, 176, 181, 187, 185, 195, 194, 197, 198, 

Inorder Traverse:
1, 4, 7, 10, 13, 15, 17, 20, 21, 22, 23, 25, 26, 32, 36, 37, 41, 42, 47, 51, 58, 59, 60, 63, 67, 71, 72, 73, 78, 79, 82, 84, 87, 90, 94, 95, 96, 99, 104, 105, 107, 108, 119, 123, 124, 126, 127, 134, 136, 138, 139, 140, 142, 143, 144, 145, 148, 150, 151, 152, 153, 154, 155, 159, 161, 162, 167, 170, 175, 176, 180, 181, 184, 185, 187, 189, 194, 195, 197, 198, 

Postorder Traverse:
4, 1, 13, 10, 15, 20, 22, 21, 25, 26, 32, 42, 41, 37, 51, 47, 36, 23, 17, 7, 59, 60, 58, 67, 72, 73, 71, 78, 79, 84, 87, 82, 95, 94, 90, 63, 105, 107, 104, 119, 108, 99, 124, 126, 123, 134, 138, 140, 143, 142, 144, 148, 150, 145, 139, 153, 152, 155, 159, 161, 154, 151, 136, 127, 167, 170, 176, 181, 180, 185, 187, 184, 194, 198, 197, 195, 189, 175, 162, 96, 

